[88, 23, 25, 67, 81]
[68, 32, 86, 67, 1]
[96, 10, 29, 60, 43]
[94, 52, 70, 9, 89]
[36, 90, 24, 44, 26]
[34, 45, 87, 73, 69]
[86, 3, 42, 31, 52]
[58, 39, 48, 4, 46]
[0, 63, 51, 83, 7]
[44, 3, 86, 78, 82]
[98, 92, 18, 16, 52]
[92, 7, 81, 95, 9]
[12, 69, 67, 48, 8]
[69, 80, 77, 26, 82]
[1, 48, 43, 27, 3]
[4, 66, 78, 95, 33]
[49, 64, 81, 67, 58]
[85, 90, 94, 96, 63]
[32, 58, 97, 84, 10]
[4, 28, 49, 80, 38]
[12, 29, 30, 20, 48]
[85, 86, 24, 61, 34]
[37, 47, 70, 15, 98]
[96, 2, 0, 3, 38]
[73, 76, 26, 41, 72]
[27, 99, 76, 7, 43]
[10, 39, 3, 83, 12]
[47, 44, 91, 0, 33]
[80, 94, 32, 28, 91]
[90, 26, 68, 92, 2]
[96, 86, 71, 98, 1]
[67, 48, 35, 5, 6]
[13, 71, 90, 41, 30]
[41, 87, 78, 97, 39]
[53, 34, 91, 24, 22]
[36, 73, 2, 85, 30]
[37, 78, 84, 75, 89]
[21, 44, 29, 82, 68]
[74, 49, 70, 53, 81]
[96, 16, 92, 28, 72]
[3, 90, 99, 80, 64]
[55, 49, 2, 66, 28]
[39, 80, 33, 89, 52]
[26, 23, 94, 43, 88]
[13, 57, 39, 72, 46]
[46, 67, 27, 29, 3]
[73, 25, 42, 99, 36]
[3, 4, 8, 66, 91]
[49, 90, 81, 36, 50]
[85, 78, 26, 49, 81]
[25, 52, 85, 56, 50]
[92, 94, 97, 4, 93]
[49, 17, 75, 70, 42]
[28, 0, 57, 93, 83]
[58, 3, 88, 10, 81]
[9, 60, 5, 2, 65]
[31, 78, 83, 71, 20]
[8, 41, 81, 70, 11]
[97, 81, 89, 74, 49]
[23, 97, 4, 82, 94]
[10, 64, 71, 96, 38]
[52, 75, 76, 81, 16]
[50, 13, 99, 89, 33]
[10, 52, 61, 37, 4]
[82, 35, 17, 38, 57]
[98, 71, 37, 46, 80]
[18, 32, 69, 3, 5]
[69, 16, 11, 14, 83]
[51, 31, 64, 81, 1]
[6, 0, 5, 78, 15]
[93, 98, 6, 23, 48]
[67, 62, 13, 99, 46]
[25, 2, 33, 60, 31]
[74, 69, 99, 95, 56]
[25, 83, 45, 92, 57]
[73, 35, 30, 77, 28]
[18, 40, 90, 42, 45]
[62, 25, 55, 72, 79]
[88, 62, 93, 19, 91]
[71, 11, 3, 36, 65]
[75, 83, 61, 36, 98]
[23, 59, 83, 50, 80]
[26, 65, 7, 98, 32]
[48, 29, 23, 91, 39]
[89, 68, 4, 62, 81]
[81, 32, 57, 59, 72]
[92, 53, 12, 58, 16]
[13, 5, 49, 0, 97]
[51, 78, 28, 46, 21]
[7, 69, 25, 81, 18]
[88, 55, 33, 82, 37]
[26, 69, 86, 68, 48]
[24, 48, 78, 29, 67]
[24, 47, 4, 74, 9]
[60, 75, 93, 89, 32]
[11, 33, 10, 47, 66]
[64, 69, 87, 97, 93]
[54, 41, 20, 53, 79]
[51, 60, 50, 17, 89]
[91, 7, 18, 17, 50]
