[4, 10, 1, 3, 2]
[4, 10, 5, 1, 6]
[7, 5, 9, 1, null]
[4, 8, 1, 5, 10]
[10, 7, 1, 5, 8]
[7, 4, 5, 10, 8]
[1, 5, null, 8, 10]
[7, 2, null, 1, 3]
[7, 8, 1, 9, 3]
[2, 6, 7, 4, 8]
[9, 5, null, 8, 6]
[4, null, 7, 10, 5]
[4, 1, 6, 2, 9]
[8, 10, 4, 5, 6]
[8, 5, null, 2, 9]
[6, 2, 7, 5, 3]
[5, 8, 3, 2, null]
[9, 7, null, 10, 6]
[9, 1, 6, 7, 3]
[3, 9, null, 1, 10]
[10, 8, 5, 2, 9]
[null, 3, 7, 2, 1]
[10, 9, 8, 6, 1]
[7, 9, 5, 3, 8]
[7, null, 4, 6, 10]
[8, 1, 6, 9, 5]
[9, 3, 10, 2, null]
[7, 10, 4, 1, 2]
[10, 8, 7, null, 6]
[1, 5, 4, 6, 8]
[7, 10, 5, null, 2]
[3, 4, 2, 10, 6]
[6, 1, 7, 4, 10]
[9, 7, 10, 2, 3]
[3, 2, 7, 6, 10]
[1, 4, 6, 9, 10]
[6, 8, 5, 7, 10]
[1, 7, 6, 4, 2]
[8, null, 3, 4, 5]
[2, 8, 10, 5, 1]
[8, 3, 5, 10, null]
[3, 1, null, 7, 2]
[10, 3, 5, 1, 2]
[4, 3, 5, 10, null]
[8, 10, 1, 2, 5]
[8, 7, 2, 10, 5]
[2, 6, 1, 9, null]
[4, 8, 3, 6, null]
[5, 3, 1, 8, 6]
[10, 1, 4, 9, 5]
[4, 10, 3, 8, 6]
[9, 10, 6, 5, 8]
[10, null, 6, 1, 3]
[4, 6, 5, 1, 10]
[null, 5, 9, 7, 8]
[3, 7, 10, 5, 2]
[9, 3, 5, 2, 4]
[3, null, 10, 2, 8]
[2, 10, 9, 1, 8]
[7, 10, 2, 3, 4]
[1, 6, 8, 9, null]
[9, 7, 8, 3, 1]
[6, 3, 7, null, 9]
[7, null, 9, 5, 6]
[3, 1, 6, null, 8]
[6, 2, 10, 7, 8]
[4, 8, 10, 2, 9]
[10, 4, 9, null, 3]
[6, 3, 5, 9, 10]
[null, 6, 7, 5, 3]
[8, 4, 1, 10, 5]
[6, 5, 2, 10, 9]
[5, 3, null, 6, 1]
[2, 7, 8, 4, 5]
[8, 10, 1, 5, 6]
[8, 6, 4, null, 3]
[3, 5, null, 6, 9]
[1, 5, 9, 3, null]
[5, 10, 1, 6, 4]
[9, 7, 1, 6, 3]
[7, 2, 1, 6, 9]
[5, 6, 4, 8, 2]
[5, 4, 2, 3, 9]
[6, 9, 4, 3, 1]
[8, 6, 5, 7, null]
[7, null, 1, 9, 2]
[null, 6, 10, 4, 8]
[3, 5, 4, 7, 1]
[10, null, 7, 2, 5]
[8, 5, 9, null, 7]
[4, 3, 2, 6, null]
[5, 9, 8, 1, 7]
[8, 3, 7, 1, 9]
[4, 6, 3, 9, 10]
[5, 3, 10, 1, 9]
[7, 3, 10, 1, 9]
[3, 2, 1, 9, null]
[5, 6, 8, null, 10]
[6, 9, 1, 3, null]
[1, 9, 5, 6, null]
