[3, 10, 2, 4, 1]
[1, 10, 6, 4, 5]
[1, 5, 7, 9]
[5, 8, 10, 4, 1]
[5, 7, 8, 10, 1]
[10, 4, 8, 7, 5]
[8, 5, 10, 1]
[1, 2, 3, 7]
[9, 8, 3, 7, 1]
[4, 6, 8, 2, 7]
[8, 5, 6, 9]
[4, 10, 7, 5]
[2, 1, 9, 4, 6]
[5, 10, 6, 8, 4]
[2, 5, 9, 8]
[5, 2, 3, 6, 7]
[2, 8, 5, 3]
[10, 7, 6, 9]
[7, 1, 3, 9, 6]
[1, 9, 10, 3]
[2, 8, 9, 10, 5]
[6, 9, 1, 10, 8]
[3, 9, 8, 7, 5]
[7, 6, 4, 10]
[9, 1, 5, 8, 6]
[2, 3, 9, 10]
[1, 10, 2, 7, 4]
[8, 6, 10, 7]
[6, 5, 8, 1, 4]
[10, 2, 7, 5]
[10, 4, 6, 3, 2]
[4, 1, 10, 6, 7]
[2, 7, 3, 9, 10]
[6, 2, 10, 3, 7]
[9, 4, 10, 1, 6]
[7, 8, 10, 6, 5]
[4, 7, 2, 1, 6]
[8, 4, 3, 5]
[5, 8, 1, 2, 10]
[10, 3, 8, 5]
[7, 1, 2, 3]
[1, 3, 2, 10, 5]
[10, 3, 4, 5]
[2, 10, 5, 8, 1]
[10, 7, 5, 8, 2]
[9, 6, 2, 1]
[6, 8, 4, 3]
[8, 3, 6, 5, 1]
[9, 1, 5, 10, 4]
[8, 10, 6, 4, 3]
[5, 10, 8, 9, 6]
[10, 1, 6, 3]
[1, 6, 10, 4, 5]
[5, 7, 2, 3, 10]
[2, 3, 4, 9, 5]
[3, 2, 10, 8]
[1, 10, 8, 2, 9]
[3, 10, 4, 7, 2]
[9, 6, 1, 8]
[3, 7, 1, 9, 8]
[3, 9, 6, 7]
[7, 5, 9, 6]
[1, 8, 3, 6]
[7, 2, 8, 6, 10]
[2, 8, 9, 4, 10]
[4, 3, 10, 9]
[9, 3, 10, 6, 5]
[10, 4, 5, 8, 1]
[10, 5, 9, 6, 2]
[6, 3, 1, 5]
[4, 7, 5, 2, 8]
[5, 10, 6, 8, 1]
[6, 3, 8, 4]
[6, 5, 9, 3]
[3, 5, 1, 9]
[6, 10, 4, 5, 1]
[6, 7, 3, 9, 1]
[6, 2, 9, 7, 1]
[8, 6, 2, 5, 4]
[3, 4, 9, 5, 2]
[3, 9, 1, 6, 4]
[7, 6, 8, 5]
[7, 9, 1, 2]
[7, 5, 1, 3, 4]
[10, 2, 7, 5]
[5, 7, 8, 9]
[6, 3, 4, 2]
[1, 9, 7, 5, 8]
[1, 3, 9, 8, 7]
[9, 6, 10, 4, 3]
[1, 3, 9, 5, 10]
[1, 3, 9, 7, 10]
[9, 2, 3, 1]
[6, 10, 5, 8]
[3, 9, 6, 1]
[6, 9, 1, 5]
